center frequency:  1000000000.000000  Hz
reference level:  0.000000  dB
IQ band width:  40000000.000000  Hz
Block IQ data >>

    time         |        i          |           q  
-------------------------------------------------------
 0.000000000000  |   0.000187547426  |   0.000666251930
 0.000000017875  |  -0.000281086657  |  -0.000646290602
 0.000000035750  |  -0.000596502447  |  -0.000145588623
 0.000000053625  |  -0.000154068068  |  -0.000214456755
 0.000000071500  |  -0.000488321471  |   0.000428443251
 0.000000089375  |  -0.000109356326  |  -0.000455216912
 0.000000107250  |   0.000575644022  |  -0.000786941673
 0.000000125125  |   0.000650311587  |   0.000166052283
 0.000000143000  |   0.001362368930  |  -0.000595748890
 0.000000160875  |   0.000412977563  |  -0.000448370352
 0.000000178750  |  -0.000467184058  |  -0.000069712056
 0.000000196625  |   0.001025449368  |   0.000811902573
 0.000000214500  |  -0.000099493620  |   0.000796649896
 0.000000232375  |  -0.000125469276  |   0.000267441676
 0.000000250250  |  -0.000208902842  |  -0.000273260870
 0.000000268125  |  -0.000355226977  |   0.000349928800
 0.000000286000  |   0.000966041815  |   0.000302059343
 0.000000303875  |   0.000001549557  |   0.000080813174
 0.000000321750  |  -0.000103711951  |   0.000115397670
 0.000000339625  |   0.000555186183  |  -0.000208090307
 0.000000357500  |   0.000702175777  |  -0.000143554687
 0.000000375375  |   0.000406016276  |  -0.000803543488
 0.000000393250  |   0.000454432768  |   0.000193291402
 0.000000411125  |  -0.000007858431  |  -0.000634140917
 0.000000429000  |   0.000113692244  |  -0.000357551588
 0.000000446875  |  -0.000360198261  |   0.000773721549
 0.000000464750  |  -0.000179843395  |  -0.001460605301
 0.000000482625  |  -0.000706621038  |  -0.000564279500
 0.000000500501  |  -0.001500807819  |   0.000706354505
 0.000000518376  |  -0.000221468101  |   0.000086769491
 0.000000536251  |   0.000304812507  |  -0.000157364964
 0.000000554126  |  -0.000713276153  |   0.000280125503
 0.000000572001  |  -0.000930902432  |   0.000330292096
 0.000000589876  |   0.001107733115  |  -0.000202410884
 0.000000607751  |   0.000977434218  |   0.000096467971
 0.000000625626  |   0.000241792121  |  -0.000210768922
 0.000000643501  |  -0.000743266719  |  -0.000889144605
 0.000000661376  |  -0.001637958456  |   0.000794176536
 0.000000679251  |   0.000291219301  |   0.000104698513
 0.000000697126  |  -0.000102514401  |   0.000215025735
 0.000000715001  |  -0.000176846661  |   0.001436705585
 0.000000732876  |  -0.000538328080  |  -0.000366461434
 0.000000750751  |  -0.000025190207  |  -0.000827101059
 0.000000768626  |   0.001314671244  |   0.000192900450
 0.000000786501  |   0.000014346573  |  -0.000176190937
 0.000000804376  |  -0.000984191429  |  -0.000246893731
 0.000000822251  |  -0.000558284926  |   0.000867875991
 0.000000840126  |   0.000163589822  |   0.000165414080
 0.000000858001  |  -0.000225273776  |  -0.000516053871
 0.000000875876  |  -0.000568260439  |   0.000644481857
 0.000000893751  |  -0.000128808912  |   0.000299589359
 0.000000911626  |   0.000172710716  |  -0.000215803229
 0.000000929501  |   0.000968151726  |   0.000500309747
 0.000000947376  |   0.001053936547  |   0.000745229190
 0.000000965251  |   0.000491176033  |   0.000297832827
 0.000000983126  |  -0.000068959198  |   0.000460092037
 0.000001001001  |   0.000717507326  |  -0.000187328114
 0.000001018876  |   0.000458625495  |   0.000180962394
 0.000001036751  |   0.000015729944  |   0.000778583693
 0.000001054626  |   0.000422518380  |   0.000081474020
 0.000001072501  |  -0.000003337365  |   0.000462189928
 0.000001090376  |  -0.000721346121  |   0.000035421981
 0.000001108251  |  -0.001179939252  |   0.000394292932
 0.000001126126  |   0.000048710099  |   0.000139756201
 0.000001144001  |   0.000780427479  |  -0.000730579894
 0.000001161876  |   0.000947204360  |   0.000131240449
 0.000001179751  |   0.000287432922  |   0.000479145587
 0.000001197626  |   0.000072751427  |   0.000169119972
 0.000001215501  |  -0.000114612529  |  -0.000388946442
 0.000001233376  |  -0.001003769110  |  -0.000113733899
 0.000001251251  |  -0.000726677477  |   0.000773503270
 0.000001269126  |  -0.000780229166  |   0.000550205528
 0.000001287001  |   0.000945176347  |   0.000540171401
 0.000001304876  |   0.000093436603  |   0.000561099208
 0.000001322751  |   0.000173285865  |  -0.000846677227
 0.000001340626  |   0.000410356646  |  -0.000553591526
 0.000001358501  |  -0.000390009955  |   0.000609858835
 0.000001376376  |   0.000180742703  |  -0.000464269193
 0.000001394251  |  -0.000543829810  |   0.000408152031
 0.000001412126  |  -0.000708659645  |   0.000293687568
 0.000001430001  |  -0.000375434320  |   0.000947162276
 0.000001447876  |  -0.000403273065  |   0.000120614270
 0.000001465751  |  -0.000803516188  |   0.000461681135
 0.000001483626  |   0.000324798864  |   0.001067037927
 0.000001501502  |   0.000465577876  |   0.000364166655
 0.000001519377  |  -0.000894466299  |   0.000600947882
 0.000001537252  |  -0.000098398144  |  -0.000893711811
 0.000001555127  |   0.000154412512  |   0.000131488705
 0.000001573002  |   0.000459197094  |   0.000502737763
 0.000001590877  |   0.001127206138  |   0.001088045072
 0.000001608752  |   0.000106101608  |  -0.000086807653
 0.000001626627  |   0.000119022006  |  -0.001024388359
 0.000001644502  |  -0.000093339891  |  -0.000218078581
 0.000001662377  |  -0.001565238228  |   0.000059115286
 0.000001680252  |  -0.000583930232  |   0.000567175506
 0.000001698127  |   0.000018611605  |  -0.000851751363
 0.000001716002  |  -0.000138155214  |   0.000279537111
 0.000001733877  |  -0.000815235486  |   0.000304040295
 0.000001751752  |   0.000196538866  |  -0.001352881663
 0.000001769627  |   0.000467077305  |   0.000699629716
 0.000001787502  |   0.000072737806  |   0.000951706956
 0.000001805377  |   0.000509252772  |  -0.000850305310
 0.000001823252  |   0.000437725132  |   0.000655964657
 0.000001841127  |   0.001356011955  |   0.000468079088
 0.000001859002  |   0.001106075593  |  -0.000731911045
 0.000001876877  |  -0.000443745317  |  -0.000232269333
 0.000001894752  |   0.000271938974  |  -0.001093817526
 0.000001912627  |   0.000327209098  |  -0.000411390211
 0.000001930502  |   0.000123543476  |  -0.000095120311
 0.000001948377  |   0.000673468749  |  -0.000044261295
 0.000001966252  |   0.000176249043  |  -0.000518834626
 0.000001984127  |   0.000494852080  |   0.000027786662
 0.000002002002  |   0.000071121205  |   0.001463041641
 0.000002019877  |   0.000364701409  |   0.000918493548
 0.000002037752  |   0.000472832879  |   0.000296428159
 0.000002055627  |  -0.000173239416  |  -0.000317015394
 0.000002073502  |   0.000314761710  |   0.000260111410
 0.000002091377  |  -0.000482491421  |   0.000673715782
 0.000002109252  |   0.000081172824  |   0.000314620498
 0.000002127127  |  -0.000046037429  |   0.000209745413
 0.000002145002  |  -0.000184506731  |   0.001007262967
 0.000002162877  |  -0.000032637257  |   0.000779126247
 0.000002180752  |   0.000015292360  |  -0.000254615850
 0.000002198627  |   0.001949319034  |  -0.000672346214
 0.000002216502  |   0.000893127115  |  -0.000682368525
 0.000002234377  |  -0.000829187746  |   0.001005208003
 0.000002252252  |   0.000070703260  |  -0.000561074994
 0.000002270127  |  -0.000231996848  |  -0.000827395706
 0.000002288002  |   0.000513701467  |  -0.000596506405
 0.000002305877  |   0.000660961028  |  -0.000053821059
 0.000002323752  |  -0.000663003186  |   0.000945544394
 0.000002341627  |   0.000514722487  |   0.000707913132
 0.000002359502  |  -0.000099747398  |   0.000448955310
 0.000002377377  |  -0.001130527002  |  -0.000158599432
 0.000002395252  |   0.000330213690  |  -0.000778510177
 0.000002413127  |  -0.000785600045  |  -0.000286803843
 0.000002431002  |  -0.000811990583  |   0.000729947118
 0.000002448877  |   0.001064460375  |   0.000217618202
 0.000002466752  |   0.000425730861  |  -0.000085384818
 0.000002484627  |   0.000144637685  |   0.000866209390
 0.000002502503  |   0.000987598789  |  -0.000365391606
 0.000002520378  |  -0.000046072822  |  -0.000256344036
 0.000002538253  |   0.000416551862  |  -0.000324009306
 0.000002556128  |   0.000631420175  |  -0.000912343501
 0.000002574003  |   0.000345300883  |   0.000494611333
 0.000002591878  |   0.001328911749  |  -0.000232762177
 0.000002609753  |   0.000376677082  |   0.000252992875
 0.000002627628  |  -0.000117503616  |   0.000455901725
 0.000002645503  |   0.000748454186  |  -0.000151126733
 0.000002663378  |   0.000034567791  |  -0.000228072604
 0.000002681253  |  -0.000416381255  |  -0.000579680316
 0.000002699128  |  -0.000009393552  |   0.000466047990
 0.000002717003  |   0.000223898722  |   0.000681068690
 0.000002734878  |  -0.000318480103  |   0.000188381120
 0.000002752753  |   0.001046501682  |   0.000435852970
 0.000002770628  |   0.001063073403  |   0.000465671386
 0.000002788503  |   0.000486731355  |  -0.000604584406
 0.000002806378  |   0.001012543449  |  -0.001815380878
 0.000002824253  |   0.000582351349  |   0.000043611111
 0.000002842128  |   0.000824755873  |   0.000195857981
 0.000002860003  |  -0.000338511862  |  -0.000379306963
 0.000002877878  |   0.000020712170  |  -0.000588907918
 0.000002895753  |   0.000535122585  |   0.000409655418
 0.000002913628  |  -0.001224753214  |   0.000429602864
 0.000002931503  |  -0.000142393837  |  -0.000252819882
 0.000002949378  |   0.000074646203  |   0.000736236514
 0.000002967253  |   0.000197656365  |  -0.000678359414
 0.000002985128  |   0.000335244549  |  -0.000910650531
 0.000003003003  |  -0.000464473502  |   0.000350609858
 0.000003020878  |   0.000172313026  |  -0.000176429836
 0.000003038753  |   0.000094881623  |   0.000246852607
 0.000003056628  |  -0.000116609204  |   0.000571871235
 0.000003074503  |   0.000830703706  |  -0.000842272129
 0.000003092378  |   0.001196112600  |   0.000438972551
 0.000003110253  |  -0.000899947772  |   0.000102554681
 0.000003128128  |  -0.000445547717  |   0.000019386520
 0.000003146003  |   0.000656156102  |   0.000775371038
 0.000003163878  |  -0.000153054265  |  -0.000078422832
 0.000003181753  |   0.000273539801  |  -0.000158726732
 0.000003199628  |   0.000074376476  |   0.000235183717
 0.000003217503  |   0.000397979864  |  -0.000150630833
 0.000003235378  |  -0.000295853737  |   0.000025240000
 0.000003253253  |   0.000151174943  |   0.001069963910
 0.000003271128  |   0.000304722256  |   0.000070329537
 0.000003289003  |  -0.000122473604  |   0.000297517545
 0.000003306878  |   0.000945597654  |  -0.000056674256
 0.000003324753  |   0.000557812280  |   0.000316159858
 0.000003342628  |   0.000389948051  |   0.000663442945
 0.000003360503  |   0.000539120112  |  -0.000566387025
 0.000003378378  |   0.000010736301  |   0.000372785609
 0.000003396253  |   0.000422629906  |   0.000431935652
 0.000003414128  |  -0.000187936617  |  -0.000230072023
 0.000003432003  |  -0.000120814453  |  -0.000234516454
 0.000003449878  |   0.001248013810  |  -0.000646781526
 0.000003467753  |   0.000551109726  |   0.000322551583
 0.000003485628  |  -0.000612117641  |   0.000014313326
 0.000003503504  |  -0.000119095115  |  -0.001081450726
 0.000003521379  |   0.000555981358  |   0.000484393036
 0.000003539254  |   0.000176226196  |  -0.000257829728
 0.000003557129  |  -0.000512308849  |  -0.000467441016
 0.000003575004  |   0.000417341886  |   0.000646432163
 0.000003592879  |  -0.000337223493  |   0.000254820654
 0.000003610754  |  -0.000597562583  |   0.000368589448
 0.000003628629  |   0.000191624174  |  -0.000327272282
 0.000003646504  |  -0.000650915084  |  -0.000788337085
 0.000003664379  |  -0.000350149290  |   0.001242698519
 0.000003682254  |   0.000196966561  |   0.000959152996
 0.000003700129  |  -0.000024796118  |  -0.000103196689
 0.000003718004  |   0.000871235156  |   0.000828328077
 0.000003735879  |  -0.000067112574  |  -0.000990086817
 0.000003753754  |  -0.000968950742  |   0.000114138034
 0.000003771629  |   0.000333216391  |   0.000728105544
 0.000003789504  |   0.000390728470  |   0.000242450420
 0.000003807379  |  -0.000532203529  |   0.000240327718
 0.000003825254  |   0.000282935449  |  -0.000118646880
 0.000003843129  |   0.000597263221  |   0.000364604726
 0.000003861004  |   0.000397414347  |  -0.000405091298
 0.000003878879  |  -0.000397919561  |  -0.000175975729
 0.000003896754  |  -0.000606383081  |   0.000490797684
 0.000003914629  |   0.000163790537  |   0.000093683688
 0.000003932504  |   0.000073431547  |  -0.000719159201
 0.000003950379  |   0.000204101147  |   0.000011356666
 0.000003968254  |  -0.000278670719  |  -0.000157374408
 0.000003986129  |  -0.000015346222  |  -0.000588420371
 0.000004004004  |   0.000198666152  |   0.000260307075
 0.000004021879  |   0.000513307459  |   0.001193051226
 0.000004039754  |  -0.000121630619  |  -0.000325633097
 0.000004057629  |  -0.000856576255  |   0.000316807796
 0.000004075504  |   0.000163625868  |   0.001016069436
 0.000004093379  |   0.000099448851  |   0.000278798921
 0.000004111254  |   0.000961473444  |   0.000888333365
 0.000004129129  |   0.001164122368  |   0.000614032149
 0.000004147004  |   0.000653521041  |  -0.000152612600
 0.000004164879  |   0.000273792626  |   0.000237503147
 0.000004182754  |   0.000268265750  |   0.000497980567
 0.000004200629  |   0.000154214344  |   0.000993296620
 0.000004218504  |  -0.000631204923  |   0.000944186060
 0.000004236379  |  -0.000092035727  |  -0.000360278005
 0.000004254254  |   0.000479966169  |   0.000084068954
 0.000004272129  |  -0.000593457662  |   0.000186556194
 0.000004290004  |  -0.000251488149  |   0.000915193756
 0.000004307879  |   0.000080856444  |   0.000849981210
 0.000004325754  |   0.000125641294  |   0.000175477646
 0.000004343629  |   0.000417829433  |   0.000314817415
 0.000004361504  |   0.000598574581  |  -0.000882903638
 0.000004379379  |   0.000258616172  |   0.001148858340
 0.000004397254  |   0.000140138261  |   0.000529108394
 0.000004415129  |  -0.000428945234  |  -0.000359903555
 0.000004433004  |   0.001129669719  |   0.001107221236
 0.000004450879  |  -0.000361645914  |  -0.000791604747
 0.000004468754  |  -0.001837006654  |  -0.000214512576
 0.000004486629  |  -0.000065423927  |   0.000344116008
 0.000004504505  |  -0.000977297081  |  -0.000049990413
 0.000004522380  |  -0.000882255263  |  -0.000442676304
 0.000004540255  |  -0.000546733500  |  -0.001931228791
 0.000004558130  |   0.000626352557  |  -0.000977978110
 0.000004576005  |   0.001264840015  |  -0.001035123831
 0.000004593880  |  -0.000978056225  |  -0.001079393551
 0.000004611755  |  -0.000621238258  |   0.000314861652
 0.000004629630  |   0.000632994575  |   0.000029626664
 0.000004647505  |  -0.000350683375  |  -0.000726404483
 0.000004665380  |   0.000131141423  |   0.000600353640
 0.000004683255  |   0.000663891493  |   0.000039712766
 0.000004701130  |  -0.000151860411  |   0.000151282962
 0.000004719005  |  -0.000164359197  |   0.000635601697
 0.000004736880  |  -0.000151093132  |  -0.001154506579
 0.000004754755  |  -0.000295108533  |   0.000178999166
 0.000004772630  |  -0.000050719886  |   0.000626271532
 0.000004790505  |   0.000558331318  |  -0.000900502549
 0.000004808380  |   0.001193796750  |  -0.000451477768
 0.000004826255  |   0.000999502023  |   0.000678066979
 0.000004844130  |  -0.000711037661  |   0.000717773975
 0.000004862005  |  -0.000006936527  |   0.000068503716
 0.000004879880  |   0.000398456468  |  -0.000104827806
 0.000004897755  |   0.000042689189  |  -0.000383533683
 0.000004915630  |   0.000503655290  |  -0.000282106834
 0.000004933505  |  -0.000131963083  |   0.000283207715
 0.000004951380  |   0.000606580055  |  -0.000814921805
 0.000004969255  |   0.000149842235  |   0.000024534180
 0.000004987130  |  -0.000013726680  |   0.000696636736
 0.000005005005  |  -0.000408108463  |  -0.000650574279
 0.000005022880  |  -0.000702214369  |  -0.000714371796
 0.000005040755  |   0.000173590277  |   0.000711534463
 0.000005058630  |   0.000119875607  |  -0.000242387148
 0.000005076505  |  -0.000463832897  |  -0.000026313992
 0.000005094380  |  -0.001536255935  |   0.000489278289
 0.000005112255  |  -0.000608018192  |  -0.000768417085
 0.000005130130  |  -0.001213301439  |  -0.000088431218
 0.000005148005  |  -0.000248778146  |   0.000120377466
 0.000005165880  |   0.000253143720  |   0.000288776704
 0.000005183755  |  -0.001077579916  |   0.000362174585
 0.000005201630  |  -0.000347048044  |   0.000247430289
 0.000005219505  |  -0.000333207397  |  -0.000257460139
 0.000005237380  |   0.000090456830  |  -0.000384909246
 0.000005255255  |  -0.000112130736  |  -0.000234082705
 0.000005273130  |  -0.001142935362  |  -0.000389503257
 0.000005291005  |  -0.000070145608  |   0.000453435874
 0.000005308880  |  -0.000995489187  |  -0.000597713282
 0.000005326755  |  -0.000702589285  |   0.000395745970
 0.000005344630  |  -0.000758665614  |   0.000705816958
 0.000005362505  |  -0.000679429388  |  -0.000986176776
 0.000005380380  |   0.000806489959  |  -0.000460960495
 0.000005398255  |   0.000417174859  |  -0.000769616687
 0.000005416130  |   0.000999692245  |  -0.000588705763
 0.000005434005  |  -0.000220946313  |  -0.000239704794
 0.000005451880  |  -0.000485888595  |  -0.000007743511
 0.000005469755  |   0.000466374710  |  -0.000316115766
 0.000005487630  |   0.000036811776  |   0.000372165174
 0.000005505506  |   0.000428524043  |   0.000403674989
 0.000005523381  |  -0.000259888766  |   0.000082390339
 0.000005541256  |   0.000104565057  |   0.000611613097
 0.000005559131  |  -0.000075758246  |   0.000224711373
 0.000005577006  |  -0.000513409439  |  -0.000035300502
 0.000005594881  |   0.000002037894  |   0.000517540611
 0.000005612756  |   0.000295569364  |   0.000058035399
 0.000005630631  |  -0.000446103688  |  -0.000375406817
 0.000005648506  |  -0.001294353744  |   0.000323124725
 0.000005666381  |   0.000000221829  |  -0.000076530552
 0.000005684256  |   0.000307791517  |   0.000237409899
 0.000005702131  |   0.000495671935  |   0.000451988686
 0.000005720006  |   0.000163293589  |  -0.001164039015
 0.000005737881  |  -0.000598996645  |  -0.000592133729
 0.000005755756  |  -0.000101141632  |   0.000770315644
 0.000005773631  |  -0.000152515713  |   0.000360105681
 0.000005791506  |   0.000706457708  |   0.000426377985
 0.000005809381  |   0.000255912251  |   0.000093548602
 0.000005827256  |  -0.000640376122  |  -0.000815245090
 0.000005845131  |  -0.000102272650  |   0.000436762202
 0.000005863006  |   0.000141082419  |  -0.000124106518
 0.000005880881  |  -0.001149269752  |  -0.000679099467
 0.000005898756  |  -0.000252828962  |   0.000229982776
 0.000005916631  |   0.000431541674  |   0.000420089811
 0.000005934506  |   0.000194661872  |  -0.000744237856
 0.000005952381  |   0.000653328374  |  -0.000181909316
 0.000005970256  |   0.000215077918  |   0.000660091813
 0.000005988131  |  -0.000546049618  |  -0.000276824139
 0.000006006006  |  -0.000742664270  |   0.000680952042
 0.000006023881  |  -0.000745281402  |   0.000293806923
 0.000006041756  |  -0.000039719249  |   0.000459300907
 0.000006059631  |   0.000556647661  |   0.000009197905
 0.000006077506  |   0.001323900651  |  -0.000227551980
 0.000006095381  |   0.000549971766  |   0.000700352248
 0.000006113256  |  -0.000739726238  |   0.000551496225
 0.000006131131  |  -0.000615482859  |   0.000029546361
 0.000006149006  |  -0.000619310304  |  -0.000714707829
 0.000006166881  |   0.000207217687  |  -0.001034739777
 0.000006184756  |   0.000663716462  |   0.000056423327
 0.000006202631  |   0.001450076699  |   0.000125655948
 0.000006220506  |   0.000452517066  |  -0.000220503804
 0.000006238381  |  -0.000179789029  |  -0.000205752993
 0.000006256256  |   0.000790437975  |   0.001103197224
 0.000006274131  |  -0.000734875153  |   0.000626551569
 0.000006292006  |  -0.000654285657  |  -0.000572996796
 0.000006309881  |   0.000130767789  |  -0.000154618087
 0.000006327756  |  -0.000489250524  |  -0.000591617369
 0.000006345631  |  -0.000354897871  |   0.000692433852
 0.000006363506  |   0.000986044412  |   0.001271671266
 0.000006381381  |  -0.000116033611  |   0.000348694797
 0.000006399256  |   0.000392223796  |  -0.000320589752
 0.000006417131  |   0.001773690688  |   0.000034649493
 0.000006435006  |  -0.001203147811  |  -0.001134522143
 0.000006452881  |  -0.000615848636  |  -0.001233126153
 0.000006470756  |   0.000364694366  |  -0.000424196245
 0.000006488631  |  -0.000562389672  |  -0.000231838232
 0.000006506507  |  -0.000012390978  |   0.000248472439
 0.000006524382  |   0.000032163047  |   0.000940901460
 0.000006542257  |   0.001100363559  |  -0.000132003232
 0.000006560132  |   0.000040311836  |  -0.000364897482
 0.000006578007  |   0.000385555817  |  -0.000885415415
 0.000006595882  |   0.001452225610  |  -0.000606298679
 0.000006613757  |   0.000303483161  |   0.000497893780
 0.000006631632  |  -0.000459123665  |  -0.000441672775
 0.000006649507  |  -0.000049801514  |  -0.000059723272
 0.000006667382  |  -0.000231989980  |   0.001062796102
 0.000006685257  |  -0.000854751503  |   0.000169880150
 0.000006703132  |  -0.000173653360  |  -0.001093884115
 0.000006721007  |  -0.000140966935  |   0.000106278210
 0.000006738882  |  -0.000620879582  |   0.000163886929
 0.000006756757  |  -0.000307722075  |   0.000075080519
 0.000006774632  |  -0.000225169963  |   0.000342643529
 0.000006792507  |  -0.000475707813  |   0.000203576084
 0.000006810382  |  -0.001140437671  |   0.000554309168
 0.000006828257  |   0.000124533806  |   0.000041554085
 0.000006846132  |   0.000425632956  |   0.000800184440
 0.000006864007  |  -0.000429946405  |   0.000538334949
 0.000006881882  |   0.000232251507  |   0.000084144020
 0.000006899757  |   0.000735599955  |   0.000625306275
 0.000006917632  |   0.000777945446  |   0.000815736072
 0.000006935507  |  -0.000323903980  |   0.001089171972
 0.000006953382  |  -0.000561663241  |  -0.000357748271
 0.000006971257  |   0.000140680466  |   0.000442288874
 0.000006989132  |  -0.000220428643  |   0.000524005911
 0.000007007007  |  -0.000341119943  |   0.000318954670
 0.000007024882  |   0.000385828316  |   0.001009010710
 0.000007042757  |   0.001180086634  |  -0.000638347352
 0.000007060632  |   0.000543842674  |   0.000664303836
 0.000007078507  |  -0.000461903983  |   0.000483383716
 0.000007096382  |   0.000518035260  |   0.000012716511
 0.000007114257  |   0.000173136024  |   0.000799014466
 0.000007132132  |  -0.001580304117  |  -0.000060207629
 0.000007150007  |  -0.000615790952  |   0.000213812615
 0.000007167882  |  -0.000789806712  |  -0.000073927142
 0.000007185757  |  -0.000333829521  |   0.000476353627
 0.000007203632  |   0.001102900831  |  -0.000122267549
 0.000007221507  |   0.000446395105  |  -0.001428433461
 0.000007239382  |  -0.000670454057  |  -0.000314441160
 0.000007257257  |   0.000216488930  |  -0.000576393446
 0.000007275132  |   0.000460707612  |  -0.000573819561
 0.000007293007  |  -0.001199423801  |  -0.000734667527
 0.000007310882  |  -0.000024225174  |  -0.001672615414
 0.000007328757  |   0.001808597590  |   0.000449313258
 0.000007346632  |   0.000350585993  |   0.000091998969
 0.000007364507  |   0.000293787831  |   0.000036631645
 0.000007382382  |   0.000779519381  |   0.000764035271
 0.000007400257  |   0.000167891209  |   0.000616625999
 0.000007418132  |   0.000650272879  |  -0.000502229726
 0.000007436007  |  -0.000058811005  |   0.000017393932
 0.000007453882  |  -0.000185203651  |   0.000882277440
 0.000007471757  |   0.000960126403  |  -0.000515484891
 0.000007489632  |  -0.000157143688  |   0.000801919668
 0.000007507508  |  -0.000264041621  |  -0.000249486679
 0.000007525383  |   0.000200831695  |  -0.000974263879
 0.000007543258  |   0.000461565069  |   0.000424058933
 0.000007561133  |  -0.000451597152  |  -0.000991731766
 0.000007579008  |  -0.001059306087  |  -0.000947215420
 0.000007596883  |   0.000956126081  |   0.001448723371
 0.000007614758  |   0.000834282779  |  -0.000031724638
 0.000007632633  |  -0.000891250558  |  -0.000619577593
 0.000007650508  |  -0.000938553596  |  -0.000431035704
 0.000007668383  |  -0.000890987052  |  -0.001148023643
 0.000007686258  |  -0.000278157269  |   0.001324058161
 0.000007704133  |  -0.000002460336  |   0.001212301315
 0.000007722008  |   0.000528636621  |  -0.000850069686
 0.000007739883  |   0.000906159636  |   0.000242214650
 0.000007757758  |  -0.000401255878  |  -0.001030857209
 0.000007775633  |   0.000230001009  |  -0.000563617563
 0.000007793508  |   0.001104767667  |   0.001170535106
 0.000007811383  |   0.000095122989  |  -0.000229219979
 0.000007829258  |   0.000185106503  |   0.000256107800
 0.000007847133  |   0.000070137889  |  -0.000407053682
 0.000007865008  |   0.000632137351  |   0.000418102107
 0.000007882883  |   0.000288219308  |  -0.000343029416
 0.000007900758  |   0.000062292864  |  -0.001134225400
 0.000007918633  |   0.000163613673  |   0.000790475053
 0.000007936508  |  -0.000116144722  |  -0.000431616034
 0.000007954383  |   0.000172792992  |   0.000312394113
 0.000007972258  |  -0.000128756379  |   0.000137791198
 0.000007990133  |  -0.000032124910  |  -0.000821292982
 0.000008008008  |   0.000100167177  |  -0.001321688294
 0.000008025883  |   0.000046711051  |  -0.000644727435
 0.000008043758  |   0.000062033439  |   0.001657854882
 0.000008061633  |  -0.000449550571  |   0.000477307738
 0.000008079508  |  -0.000219680209  |  -0.001108117518
 0.000008097383  |   0.000597221311  |   0.000411813759
 0.000008115258  |   0.000171810563  |   0.000435275404
 0.000008133133  |   0.000343806605  |   0.000414146751
 0.000008151008  |   0.000959550322  |   0.000377853372
 0.000008168883  |   0.000797686225  |   0.000396857155
 0.000008186758  |   0.000537155080  |  -0.000083016574
 0.000008204633  |  -0.000772286265  |  -0.001143892412
 0.000008222508  |  -0.000270604942  |  -0.000495774904
 0.000008240383  |  -0.000278375344  |   0.000591086398
 0.000008258258  |   0.000036368889  |   0.000212467974
 0.000008276133  |   0.000409001805  |  -0.000255169201
 0.000008294008  |  -0.000263791619  |  -0.000525661279
 0.000008311883  |   0.000179992669  |  -0.000442649267
 0.000008329758  |  -0.000172732660  |   0.000744795834
 0.000008347633  |  -0.000512586383  |  -0.000142182151
 0.000008365508  |  -0.000410838169  |  -0.000580930267
 0.000008383383  |  -0.000857583887  |  -0.000022192915
 0.000008401258  |  -0.000387303706  |   0.000473170192
 0.000008419133  |  -0.000065086206  |  -0.001023380319
 0.000008437008  |  -0.000009913500  |  -0.000825858035
 0.000008454883  |   0.001021958771  |   0.000393939670
 0.000008472758  |   0.000074861564  |   0.000059121834
 0.000008490633  |  -0.000153520130  |  -0.000140525532
 0.000008508509  |   0.000427956838  |   0.001406877651
 0.000008526384  |  -0.000408880238  |   0.000175789974
 0.000008544259  |  -0.000401552155  |   0.000846791547
 0.000008562134  |   0.000624253706  |   0.000978757162
 0.000008580009  |   0.000223614552  |  -0.000667780521
 0.000008597884  |  -0.000365420419  |   0.000792402425
 0.000008615759  |   0.000479044858  |   0.000011867960
 0.000008633634  |   0.000002997790  |  -0.000194589607
 0.000008651509  |   0.000312526623  |   0.000279754080
 0.000008669384  |   0.000726666651  |  -0.000898681232
 0.000008687259  |   0.000216891320  |  -0.000058444217
 0.000008705134  |  -0.000005915874  |   0.000681047619
 0.000008723009  |   0.001605650061  |   0.000107969710
 0.000008740884  |   0.000366007938  |   0.000809775956
 0.000008758759  |  -0.000568610150  |  -0.000478581089
 0.000008776634  |   0.000373151823  |  -0.000670881069
 0.000008794509  |   0.000650579168  |  -0.000444647711
 0.000008812384  |  -0.000243562972  |  -0.000500915223
 0.000008830259  |  -0.000659337151  |  -0.000554681465
 0.000008848134  |   0.000685750623  |   0.000409165601
 0.000008866009  |   0.000095455121  |   0.000676753756
 0.000008883884  |   0.000631458242  |   0.000091828748
 0.000008901759  |   0.001214365708  |  -0.000195740940
 0.000008919634  |  -0.000898983970  |   0.000333045638
 0.000008937509  |  -0.001100718626  |   0.000945154577
 0.000008955384  |  -0.000624181353  |   0.000816895743
 0.000008973259  |   0.000255072635  |  -0.000494213426
 0.000008991134  |  -0.000341564533  |  -0.000322322303
 0.000009009009  |  -0.000197568093  |   0.001383117051
 0.000009026884  |   0.001394254155  |  -0.000487884623
 0.000009044759  |   0.000120568759  |  -0.000634289754
 0.000009062634  |  -0.000586823327  |   0.001016660128
 0.000009080509  |   0.000467864564  |  -0.000792633859
 0.000009098384  |   0.000669512723  |  -0.000009148984
 0.000009116259  |   0.000883833738  |   0.000815405569
 0.000009134134  |  -0.000461132673  |   0.000040627419
 0.000009152009  |   0.000630635128  |   0.001439100481
 0.000009169884  |   0.000841509318  |   0.000510947197
 0.000009187759  |  -0.001497921883  |  -0.000392944406
 0.000009205634  |   0.000082839622  |   0.000613941404
 0.000009223509  |   0.000577200321  |   0.000458192837
 0.000009241384  |   0.000051221214  |   0.000422412821
 0.000009259259  |  -0.000319725485  |   0.000436903414
 0.000009277134  |  -0.000135927854  |   0.000023511308
 0.000009295009  |  -0.000475151552  |  -0.000414267648
 0.000009312884  |   0.000074390075  |  -0.000884259585
 0.000009330759  |   0.000739464653  |   0.000132976667
 0.000009348634  |   0.000303615525  |  -0.000457439921
 0.000009366509  |   0.000565692026  |   0.000192139909
 0.000009384384  |  -0.001547758700  |  -0.000515864347
 0.000009402259  |  -0.000401890429  |  -0.000792225706
 0.000009420134  |   0.000252905767  |   0.000550460885
 0.000009438009  |  -0.001054468332  |   0.001041776384
 0.000009455884  |   0.000058621707  |   0.001990522724
 0.000009473759  |   0.000015308717  |   0.001548444387
 0.000009491634  |   0.000073503885  |   0.000889071205
 0.000009509510  |   0.000347623922  |   0.000594657497
 0.000009527385  |  -0.000072545241  |  -0.000011871316
 0.000009545260  |  -0.000195332948  |  -0.000926046574
 0.000009563135  |   0.000475917768  |  -0.000189030019
 0.000009581010  |   0.000457315356  |   0.001426543924
 0.000009598885  |  -0.000988821383  |   0.000630144670
 0.000009616760  |  -0.000044841443  |  -0.000433824665
 0.000009634635  |   0.001064909855  |   0.000550363562
 0.000009652510  |  -0.000328332186  |   0.001205919427
 0.000009670385  |  -0.001549810055  |   0.000051065024
 0.000009688260  |   0.000090479320  |  -0.000113776870
 0.000009706135  |   0.000914481061  |  -0.000068743975
 0.000009724010  |   0.001370809507  |  -0.000650741626
 0.000009741885  |   0.000790319871  |  -0.000247845368
 0.000009759760  |  -0.000554553699  |  -0.000615457539
 0.000009777635  |   0.000221842158  |   0.000294295198
 0.000009795510  |   0.000408786349  |  -0.000011621485
 0.000009813385  |   0.000116434472  |  -0.000749768049
 0.000009831260  |  -0.000011270669  |  -0.000371693546
 0.000009849135  |   0.000099103650  |   0.000741731841
 0.000009867010  |   0.000605257112  |   0.000197674904
 0.000009884885  |   0.000478074478  |  -0.000319783197
 0.000009902760  |   0.000582746346  |   0.000364785636
 0.000009920635  |  -0.000258452113  |  -0.000171041611
 0.000009938510  |   0.000508402416  |   0.000613506825
 0.000009956385  |   0.000498731097  |   0.001126236864
 0.000009974260  |  -0.000594699872  |  -0.001054299064
 0.000009992135  |  -0.000044703669  |  -0.001126627089
 0.000010010010  |   0.000486560661  |   0.000005084515
 0.000010027885  |   0.000139781536  |  -0.000212517683
 0.000010045760  |  -0.000570043048  |  -0.000552817364
 0.000010063635  |   0.000282213645  |  -0.000748954539
 0.000010081510  |   0.000006636028  |   0.001285675913
 0.000010099385  |   0.000191406129  |   0.000768994156
 0.000010117260  |   0.000657102559  |  -0.000784285425
 0.000010135135  |  -0.000879079336  |   0.001042365562
 0.000010153010  |  -0.000164367288  |   0.000531194208
 0.000010170885  |  -0.000280349719  |  -0.000368457782
 0.000010188760  |  -0.000714195368  |   0.000006093565
 0.000010206635  |  -0.000050305036  |   0.000391633774
 0.000010224510  |  -0.000502226874  |  -0.000547209464
 0.000010242385  |  -0.000900560233  |  -0.000552088080
 0.000010260260  |   0.000087731925  |  -0.000168163460
 0.000010278135  |   0.000529620156  |   0.000082248749
 0.000010296010  |   0.000287057832  |  -0.000044860841
 0.000010313885  |  -0.000513838895  |   0.000124425103
 0.000010331760  |  -0.000096165430  |  -0.000277093233
 0.000010349635  |   0.000448603911  |  -0.001339125563
 0.000010367510  |  -0.000793090323  |   0.001008004765
 0.000010385385  |   0.000559162174  |   0.001426010160
 0.000010403260  |   0.000293927209  |   0.000116035706
 0.000010421135  |  -0.001669917023  |  -0.001047844882
 0.000010439010  |  -0.000541395624  |   0.000123396749
 0.000010456885  |   0.000193537082  |   0.001000857214
 0.000010474760  |   0.000379319768  |  -0.000127821084
 0.000010492635  |  -0.000360549602  |   0.000227320081
 0.000010510511  |  -0.000397943775  |  -0.000310641364
 0.000010528386  |   0.000175025401  |   0.000899206672
 0.000010546261  |  -0.000470482570  |  -0.000008573959
 0.000010564136  |   0.000509700680  |  -0.000446018181
 0.000010582011  |   0.000621999730  |   0.000895837671
 0.000010599886  |  -0.000456497393  |   0.000490141683
 0.000010617761  |   0.000165454432  |   0.000728961779
 0.000010635636  |  -0.000886517228  |  -0.000053710937
 0.000010653511  |  -0.000449026556  |   0.000078146841
 0.000010671386  |   0.000388410001  |   0.000593622564
 0.000010689261  |  -0.000483975455  |   0.000342203042
 0.000010707136  |  -0.000203776028  |  -0.000450243126
 0.000010725011  |   0.000027070218  |  -0.000648729329
 0.000010742886  |  -0.000248602737  |   0.000562383968
 0.000010760761  |  -0.000533374143  |   0.000210366983
 0.000010778636  |  -0.001043319120  |  -0.000846627459
 0.000010796511  |  -0.000151006010  |  -0.000020902829
 0.000010814386  |   0.000115790717  |   0.000003400484
 0.000010832261  |  -0.000486751756  |   0.000060546710
 0.000010850136  |  -0.000223147494  |  -0.000514069397
 0.000010868011  |   0.000345173583  |  -0.000830784615
 0.000010885886  |  -0.000522470684  |  -0.000192169915
 0.000010903761  |   0.000156293041  |   0.000138851698
 0.000010921636  |   0.000118601864  |  -0.000367739733
 0.000010939511  |  -0.000968940789  |  -0.000742078060
 0.000010957386  |   0.000586207607  |   0.000925266650
 0.000010975261  |   0.000254865852  |  -0.000742714677
 0.000010993136  |  -0.000883436762  |  -0.000051696232
 0.000011011011  |  -0.000505429984  |   0.000139415701
 0.000011028886  |  -0.000593166042  |  -0.001805042149
 0.000011046761  |  -0.000932209892  |  -0.000240960668
 0.000011064636  |  -0.000522320275  |   0.000337928592
 0.000011082511  |   0.000475988811  |   0.000146456892
 0.000011100386  |  -0.000332999829  |   0.000195451372
 0.000011118261  |  -0.000018308996  |   0.000607465627
 0.000011136136  |   0.000830776291  |  -0.000252998580
 0.000011154011  |   0.000767019403  |  -0.000843867660
 0.000011171886  |   0.000017826598  |   0.000701530720
 0.000011189761  |  -0.000476421468  |   0.000213941530
 0.000011207636  |   0.000850235927  |  -0.000259404478
 0.000011225511  |   0.000288470706  |   0.000166051585
 0.000011243386  |  -0.000547903473  |  -0.000133313821
 0.000011261261  |  -0.000545240007  |   0.000932143535
 0.000011279136  |  -0.000467525329  |   0.000054118569
 0.000011297011  |   0.000542918628  |  -0.000753377564
 0.000011314886  |   0.000067306741  |  -0.000243601127
 0.000011332761  |   0.000263244408  |  -0.000123044883
 0.000011350636  |   0.000352314499  |  -0.001031263382
 0.000011368511  |   0.000965952349  |  -0.000176631002
 0.000011386386  |   0.001061964431  |   0.000448110164
 0.000011404261  |  -0.000929319183  |  -0.000159707313
 0.000011422136  |  -0.000436092116  |   0.000327703659
 0.000011440011  |  -0.000100872225  |   0.000149287385
 0.000011457886  |  -0.000106765867  |   0.000140322576
 0.000011475761  |  -0.000418913056  |   0.000897169113
 0.000011493636  |  -0.001083951327  |   0.000088126326
 0.000011511512  |  -0.000038813545  |  -0.000376877550
 0.000011529387  |   0.000858365325  |  -0.000195304325
 0.000011547262  |   0.000866460206  |  -0.000784799049
 0.000011565137  |   0.000329764676  |  -0.000402849226
 0.000011583012  |   0.000884558307  |   0.000155862988
 0.000011600887  |   0.000100273232  |  -0.000326414447
 0.000011618762  |  -0.000254187558  |  -0.000321093859
 0.000011636637  |   0.000971340400  |   0.001993531827
 0.000011654512  |  -0.000224964795  |   0.000012387900
 0.000011672387  |  -0.001250890084  |   0.000047186706
 0.000011690262  |   0.000343942462  |   0.001284501748
 0.000011708137  |  -0.000023932575  |   0.000203454460
 0.000011726012  |  -0.000051332259  |   0.001064682147
 0.000011743887  |   0.000274657999  |   0.000589433126
 0.000011761762  |   0.000075850039  |   0.000018400811
 0.000011779637  |   0.000048592286  |   0.000239989429
 0.000011797512  |   0.000169613617  |   0.000606503105
 0.000011815387  |   0.001223007217  |   0.000298951461
 0.000011833262  |  -0.000231260638  |  -0.000564424787
 0.000011851137  |  -0.000701159530  |   0.000241820831
 0.000011869012  |   0.000068336187  |   0.000173845649
 0.000011886887  |  -0.001436143415  |  -0.000616663136
 0.000011904762  |   0.000023963439  |   0.000841563800
 0.000011922637  |   0.000540240842  |  -0.000045055946
 0.000011940512  |  -0.000649269612  |  -0.001398880850
 0.000011958387  |   0.000009019073  |   0.000470443309
 0.000011976262  |  -0.000735274982  |   0.000580879801
 0.000011994137  |   0.000235623651  |  -0.000508177152
 0.000012012012  |   0.001211637864  |  -0.000743491168
 0.000012029887  |  -0.000315832993  |  -0.000614216493
 0.000012047762  |   0.000507649791  |   0.000747648883
 0.000012065637  |   0.001106010517  |  -0.000226572636
 0.000012083512  |  -0.000207540696  |  -0.000438360497
 0.000012101387  |  -0.000894378638  |   0.001123937429
 0.000012119262  |   0.000904857006  |  -0.000490704551
 0.000012137137  |   0.000191798725  |  -0.000383589184
 0.000012155012  |  -0.000695672177  |   0.000704579114
 0.000012172887  |   0.000366183871  |  -0.000431059743
 0.000012190762  |   0.000357239129  |  -0.000244460534
 0.000012208637  |   0.000364857668  |   0.000033811459
 0.000012226512  |  -0.000215301261  |   0.000023501818
 0.000012244387  |   0.000058070083  |  -0.000009963020
 0.000012262262  |   0.001196376630  |  -0.000536422071
 0.000012280137  |  -0.000097013079  |   0.000225956770
 0.000012298012  |  -0.000366043154  |   0.000150762440
 0.000012315887  |   0.000194882887  |  -0.000571161450
 0.000012333762  |   0.000033278026  |  -0.000100702528
 0.000012351637  |   0.000461115706  |  -0.000606452872
 0.000012369512  |  -0.000602465880  |  -0.000343442080
 0.000012387387  |  -0.000411383488  |   0.000931926654
 0.000012405262  |   0.001480734674  |  -0.001258446253
 0.000012423137  |  -0.000239526358  |  -0.000861214474
 0.000012441012  |  -0.000203992880  |   0.000343722844
 0.000012458887  |   0.001092905179  |  -0.000075564982
 0.000012476762  |   0.000454130117  |   0.000990898465
 0.000012494637  |   0.001250738744  |   0.000663394632
 0.000012512513  |   0.000662848703  |   0.000136826377
 0.000012530388  |   0.000069511923  |   0.000205676697
 0.000012548263  |   0.000470334810  |  -0.000146739825
 0.000012566138  |  -0.001026661834  |   0.000175721012
 0.000012584013  |  -0.000244684023  |   0.000423326128
 0.000012601888  |   0.000591308635  |   0.000039118237
 0.000012619763  |  -0.000325878413  |   0.000350763148
 0.000012637638  |   0.000518542132  |   0.000381716964
 0.000012655513  |   0.000469075952  |  -0.000272369944
 0.000012673388  |  -0.001057111192  |   0.000951808761
 0.000012691263  |  -0.000567359326  |   0.000321253028
 0.000012709138  |   0.000825285038  |  -0.000686551619
 0.000012727013  |   0.000836335414  |   0.000068083325
 0.000012744888  |  -0.000299735955  |  -0.000451276719
 0.000012762763  |  -0.000648224261  |   0.000715903938
 0.000012780638  |  -0.000092179042  |   0.001329372055
 0.000012798513  |   0.000507798803  |  -0.000186720921
 0.000012816388  |   0.001046187477  |  -0.000173332286
 0.000012834263  |   0.000855130609  |  -0.000560342916
 0.000012852138  |  -0.000258428219  |  -0.000753322034
 0.000012870013  |  -0.000364092441  |   0.000212962448
 0.000012887888  |  -0.000225508455  |   0.000387810956
 0.000012905763  |  -0.000043757736  |  -0.000542388414
 0.000012923638  |   0.000505099655  |  -0.000404056947
 0.000012941513  |   0.000491866260  |   0.000753430533
 0.000012959388  |  -0.000247927092  |   0.000067814988
 0.000012977263  |  -0.000694248825  |   0.000151140717
 0.000012995138  |  -0.000720400480  |   0.000293942227
 0.000013013013  |  -0.000226792647  |   0.000136017843
 0.000013030888  |   0.000512954022  |  -0.000453925895
 0.000013048763  |   0.001204209635  |  -0.000554460217
 0.000013066638  |   0.000471153588  |   0.000808983459
 0.000013084513  |  -0.000181712865  |  -0.000312020391
 0.000013102388  |  -0.000708322856  |  -0.001226507593
 0.000013120263  |  -0.000431867287  |  -0.000074718402
 0.000013138138  |   0.000297280581  |  -0.000459628616
 0.000013156013  |  -0.000341983832  |   0.000239185771
 0.000013173888  |  -0.000262060697  |   0.000389318884
 0.000013191763  |   0.001280686702  |  -0.000283168949
 0.000013209638  |   0.000779013440  |   0.000829852012
 0.000013227513  |   0.000477695488  |  -0.000293669960
 0.000013245388  |   0.000328829366  |   0.000632012030
 0.000013263263  |  -0.000014058477  |   0.000630236173
 0.000013281138  |   0.000758416194  |  -0.001013010391
 0.000013299013  |  -0.000355061900  |   0.000181961805
 0.000013316888  |   0.000025477017  |   0.000099774319
 0.000013334763  |   0.000006315327  |  -0.000354736578
 0.000013352638  |   0.000468067708  |  -0.000350033981
 0.000013370513  |   0.000613837445  |  -0.000278632389
 0.000013388388  |  -0.001334761851  |  -0.000100678590
 0.000013406263  |  -0.000304243586  |   0.000032946489
 0.000013424138  |  -0.000245452684  |   0.000585570175
 0.000013442013  |   0.000079026227  |  -0.000039953306
 0.000013459888  |  -0.000117976495  |   0.000360721053
 0.000013477763  |  -0.000838214182  |   0.000289214455
 0.000013495638  |   0.000127313862  |  -0.000791464408
 0.000013513514  |  -0.000556960178  |  -0.000395224633
 0.000013531389  |   0.000008363037  |  -0.000277056941
 0.000013549264  |   0.000350266608  |   0.000880438078
 0.000013567139  |  -0.001097246422  |   0.000864973699
 0.000013585014  |  -0.000305915222  |   0.000735104142
 0.000013602889  |   0.000262707705  |   0.000374760712
 0.000013620764  |  -0.000340356724  |   0.000807253353
 0.000013638639  |  -0.000635093951  |   0.000217125125
 0.000013656514  |  -0.000266182586  |   0.000051660758
 0.000013674389  |  -0.000662228384  |   0.000149801082
 0.000013692264  |  -0.000954630144  |   0.000133644236
 0.000013710139  |  -0.000294797879  |  -0.000200406139
 0.000013728014  |  -0.000131201741  |  -0.000308141520
 0.000013745889  |  -0.000512311351  |   0.001099480200
 0.000013763764  |  -0.000645354856  |  -0.000520265603
 0.000013781639  |  -0.000342011597  |   0.001267029089
 0.000013799514  |  -0.000307118724  |   0.001053433516
 0.000013817389  |  -0.001017196337  |  -0.000991110690
 0.000013835264  |   0.000327053247  |   0.000454799854
 0.000013853139  |  -0.000581439468  |   0.000807257777
 0.000013871014  |  -0.000640433747  |  -0.001173367840
 0.000013888889  |   0.000930209178  |  -0.001035344554
 0.000013906764  |   0.001252225135  |   0.000635864853
 0.000013924639  |  -0.000031245319  |  -0.000498972193
 0.000013942514  |  -0.001404413721  |  -0.000180531293
 0.000013960389  |  -0.000478947477  |   0.000437942537
 0.000013978264  |  -0.000346385437  |  -0.000043622756
 0.000013996139  |   0.000026766887  |   0.000687855063
 0.000014014014  |  -0.000011765322  |   0.000039517410
 0.000014031889  |  -0.000060003164  |  -0.000347820634
 0.000014049764  |  -0.000108389489  |  -0.000447239494
 0.000014067639  |   0.000010815249  |  -0.000744364457
 0.000014085514  |   0.000726011524  |   0.000624284206
 0.000014103389  |  -0.000094722411  |   0.000117802309
 0.000014121264  |   0.000576338498  |   0.000156694092
 0.000014139139  |   0.001490383293  |   0.000781317533
 0.000014157014  |   0.000832904130  |  -0.000067510526
 0.000014174889  |   0.000076631972  |   0.000077265075
 0.000014192764  |   0.000694116927  |   0.000398189150
 0.000014210639  |   0.000098460085  |   0.000166094629
 0.000014228514  |  -0.000992508605  |  -0.000113361020
 0.000014246389  |   0.000005708960  |   0.000613807177
 0.000014264264  |  -0.000169370469  |   0.000698494259
 0.000014282139  |  -0.000579545507  |   0.000790723483
 0.000014300014  |   0.000057713594  |   0.001307476778
 0.000014317889  |  -0.000388648012  |  -0.001028554398
 0.000014335764  |  -0.000571754936  |  -0.000485525787
 0.000014353639  |   0.000228259625  |   0.000637701771
 0.000014371514  |   0.000769614708  |  -0.000831949874
 0.000014389389  |  -0.000762487762  |  -0.000518699351
 0.000014407264  |  -0.000228137214  |   0.000072521492
 0.000014425139  |   0.000077787488  |  -0.000521504960
 0.000014443014  |  -0.000425363047  |  -0.001122685964
 0.000014460889  |   0.001161174383  |  -0.000286623195
 0.000014478764  |   0.000252505386  |   0.000073114003
 0.000014496639  |  -0.000205285702  |  -0.001213932876
 0.000014514515  |  -0.000910908624  |  -0.001332751941
 0.000014532390  |   0.000052945543  |  -0.000107174805
 0.000014550265  |   0.000109303131  |   0.000976053416
 0.000014568140  |  -0.001024791971  |   0.001681105699
 0.000014586015  |   0.000545173767  |   0.001626817044
 0.000014603890  |  -0.000343054271  |  -0.000236791384
 0.000014621765  |  -0.000021323604  |  -0.000310407690
 0.000014639640  |  -0.000025319725  |   0.000025686299
 0.000014657515  |  -0.000025930189  |  -0.001205249224
 0.000014675390  |   0.000216901317  |  -0.000532569713
 0.000014693265  |   0.000510604586  |  -0.000844497001
 0.000014711140  |  -0.000295449630  |   0.000263464462
 0.000014729015  |   0.000182154981  |   0.000598770275
 0.000014746890  |   0.001067441190  |  -0.000129686610
 0.000014764765  |  -0.000748883118  |  -0.000191105995
 0.000014782640  |  -0.000054444747  |   0.000182241056
 0.000014800515  |   0.000623344677  |   0.000057343736
 0.000014818390  |   0.000130316184  |  -0.000009811141
 0.000014836265  |   0.000927286630  |   0.000572063669
 0.000014854140  |   0.001262306469  |  -0.001175483922
 0.000014872015  |   0.000888442970  |  -0.001637537032
 0.000014889890  |  -0.000312846445  |  -0.000545368937
 0.000014907765  |   0.000042808351  |  -0.000026815313
 0.000014925640  |   0.000888912356  |   0.001146694762
 0.000014943515  |  -0.000512672472  |   0.001201739651
 0.000014961390  |  -0.000313510973  |   0.000223174808
 0.000014979265  |   0.000865198672  |  -0.000266174000
 0.000014997140  |  -0.000257946347  |  -0.000193632499
 0.000015015015  |   0.000080489459  |  -0.001240509446
 0.000015032890  |   0.000075060947  |  -0.000636144017
 0.000015050765  |  -0.000224963675  |   0.000852703408
 0.000015068640  |   0.000495157961  |  -0.000242249007
 0.000015086515  |   0.000072510615  |  -0.000156778246
 0.000015104390  |  -0.000058680464  |   0.000111274407
 0.000015122265  |   0.000370959286  |  -0.000248030206
 0.000015140140  |  -0.000312778488  |   0.000585227273
 0.000015158015  |   0.000265918614  |   0.000103711172
 0.000015175890  |   0.000637184537  |  -0.000282482477
 0.000015193765  |   0.000603320485  |   0.000105879706
 0.000015211640  |  -0.000375204952  |  -0.000434609537
 0.000015229515  |  -0.000270259363  |   0.000221176044
 0.000015247390  |   0.000996648683  |   0.000328052411
 0.000015265265  |   0.000137514231  |  -0.000562256493
 0.000015283140  |   0.000765141507  |   0.000160898839
 0.000015301015  |   0.001235599280  |  -0.000049356149
 0.000015318890  |  -0.000348700327  |   0.000096977979
 0.000015336765  |  -0.001535631367  |  -0.000020411455
 0.000015354640  |  -0.000494860753  |  -0.000019370593
 0.000015372515  |   0.000032799606  |   0.000005619287
 0.000015390390  |  -0.000784109987  |   0.000553351245
 0.000015408265  |   0.000473637105  |   0.000398938602
 0.000015426140  |   0.000216072163  |   0.000087601125
 0.000015444015  |   0.000748662918  |   0.001302948454
 0.000015461890  |   0.001500266371  |   0.000481312949
 0.000015479765  |  -0.000427181629  |  -0.000586397888
 0.000015497640  |   0.000258091080  |  -0.000451892643
 0.000015515516  |   0.001366301673  |  -0.000271326659
 0.000015533391  |   0.000366914697  |  -0.000112690701
 0.000015551266  |   0.000472499640  |  -0.000097114789
 0.000015569141  |  -0.000145467144  |  -0.000547311734
 0.000015587016  |  -0.000267748081  |  -0.000342254440
 0.000015604891  |   0.000583578309  |   0.000208174126
 0.000015622766  |   0.000934418465  |  -0.000457845279
 0.000015640641  |   0.000143544647  |  -0.001230127411
 0.000015658516  |  -0.000739476760  |  -0.000201674979
 0.000015676391  |   0.000073690637  |   0.000257742067
 0.000015694266  |   0.000269001728  |  -0.000593747711
 0.000015712141  |  -0.000344180036  |   0.000031897795
 0.000015730016  |  -0.000469067309  |   0.000636736688
 0.000015747891  |   0.000359061611  |  -0.000361933955
 0.000015765766  |   0.001112737926  |   0.000767150137
 0.000015783641  |  -0.000189812024  |   0.001240844489
 0.000015801516  |  -0.000406116393  |  -0.000146078892
 0.000015819391  |  -0.000115456729  |   0.001214212505
 0.000015837266  |   0.000025164547  |  -0.000339201884
 0.000015855141  |  -0.001081768540  |  -0.001253572060
 0.000015873016  |  -0.001381164300  |   0.000545029936
 0.000015890891  |  -0.000018296851  |  -0.000795172935
 0.000015908766  |   0.000121256700  |  -0.000364021165
 0.000015926641  |  -0.000190431121  |  -0.000009028125
 0.000015944516  |  -0.000474190048  |  -0.001017472474
 0.000015962391  |   0.001055319561  |  -0.000025667672
 0.000015980266  |   0.000631722622  |   0.000100821693
 0.000015998141  |   0.000051650070  |  -0.000741516589
 0.000016016016  |   0.000586221577  |   0.000410736422
 0.000016033891  |   0.000071268907  |   0.000262181478
 0.000016051766  |   0.000464132958  |  -0.000400559104
 0.000016069641  |  -0.000361697312  |   0.000087240383
 0.000016087516  |   0.000141710174  |  -0.000175337016
 0.000016105391  |   0.000994315837  |   0.000076834418
 0.000016123266  |   0.000668081746  |  -0.000858093321
 0.000016141141  |   0.000424196827  |  -0.000751297164
 0.000016159016  |  -0.000146513295  |   0.000221763577
 0.000016176891  |  -0.000237656874  |  -0.000744110497
 0.000016194766  |   0.000055249504  |  -0.000233454441
 0.000016212641  |  -0.000041760242  |   0.000561954686
 0.000016230516  |  -0.000194950029  |  -0.000195583081
 0.000016248391  |   0.000043078857  |  -0.000326091656
 0.000016266266  |   0.000022951052  |   0.000535400584
 0.000016284141  |  -0.000115440198  |   0.000543037895
 0.000016302016  |  -0.000366717926  |  -0.000030246978
 0.000016319891  |  -0.000034754215  |   0.000364122679
 0.000016337766  |   0.000159850068  |   0.000428752945
 0.000016355641  |  -0.001330207800  |   0.000453195302
 0.000016373516  |   0.000609541254  |   0.000115046656
 0.000016391391  |   0.000678060926  |   0.000184518154
 0.000016409266  |   0.000104758597  |   0.000811289763
 0.000016427141  |   0.000330364943  |   0.000026598431
 0.000016445016  |  -0.000446364720  |  -0.000815691659
 0.000016462891  |  -0.000523874536  |  -0.000880228123
 0.000016480766  |  -0.000524362375  |   0.000034323864
 0.000016498641  |   0.000397584954  |   0.000211613005
 0.000016516517  |  -0.000146417791  |   0.000039749670
 0.000016534392  |   0.000061635496  |   0.000784195203
 0.000016552267  |   0.000892978336  |   0.000449392130
 0.000016570142  |   0.000312191027  |   0.000268922187
 0.000016588017  |   0.000261723995  |   0.000164972123
 0.000016605892  |   0.000152170149  |  -0.000572514080
 0.000016623767  |  -0.000393773225  |  -0.000029226423
 0.000016641642  |  -0.000098910794  |   0.000104391416
 0.000016659517  |  -0.000354712771  |  -0.000554918952
 0.000016677392  |   0.000723532867  |  -0.000514786167
 0.000016695267  |   0.001145180315  |   0.000873381388
 0.000016713142  |  -0.000191022613  |   0.000345127366
 0.000016731017  |   0.000439216441  |  -0.001232790062
 0.000016748892  |   0.000335143181  |  -0.000768839847
 0.000016766767  |   0.000552423531  |  -0.000030254960
 0.000016784642  |   0.000321955216  |   0.000491712824
 0.000016802517  |  -0.000530840305  |  -0.000089687615
 0.000016820392  |  -0.000389203633  |  -0.000413256261
 0.000016838267  |   0.000681891455  |   0.000276344537
 0.000016856142  |  -0.000385371357  |  -0.000167708640
 0.000016874017  |  -0.000555537292  |  -0.000158014285
 0.000016891892  |   0.000268113305  |   0.000241947011
 0.000016909767  |  -0.000131289184  |  -0.000100142111
 0.000016927642  |   0.000096657277  |  -0.000336270808
 0.000016945517  |   0.000080856378  |  -0.000558043306
 0.000016963392  |  -0.000800781301  |   0.000124398677
 0.000016981267  |  -0.000877620652  |  -0.000402691570
 0.000016999142  |  -0.000628414738  |  -0.000684895844
 0.000017017017  |  -0.000130311411  |  -0.000119463963
 0.000017034892  |  -0.000144035366  |  -0.000058247988
 0.000017052767  |  -0.000384327606  |   0.000231509737
 0.000017070642  |  -0.000404407794  |  -0.000522825576
 0.000017088517  |  -0.000367576518  |  -0.000587939692
 0.000017106392  |  -0.000042439438  |   0.000829533907
 0.000017124267  |  -0.000502805167  |   0.000906171859
 0.000017142142  |   0.000759516726  |   0.000257134699
 0.000017160017  |   0.000494061853  |  -0.000420891593
 0.000017177892  |   0.000062781779  |  -0.000627286499
 0.000017195767  |   0.001210979652  |   0.000562194677
 0.000017213642  |  -0.000852575467  |   0.000446417747
 0.000017231517  |  -0.000976794166  |  -0.000123450518
 0.000017249392  |   0.000464227283  |   0.000692246889
 0.000017267267  |   0.000287427829  |   0.000017042708
 0.000017285142  |  -0.000504581258  |  -0.000465878460
 0.000017303017  |  -0.000502735784  |  -0.000155128684
 0.000017320892  |   0.000463345728  |  -0.000185388315
 0.000017338767  |   0.000191812724  |  -0.000686988118
 0.000017356642  |  -0.001826083870  |   0.000131821769
 0.000017374517  |  -0.000092743510  |   0.000886998780
 0.000017392392  |   0.000938397250  |   0.000298218249
 0.000017410267  |  -0.000276016712  |   0.000526106392
 0.000017428142  |  -0.000448409875  |   0.000109841618
 0.000017446017  |  -0.000143526035  |  -0.000293942750
 0.000017463892  |   0.000480357121  |  -0.000366503780
 0.000017481767  |   0.000130275424  |  -0.000166698825
 0.000017499642  |  -0.000098882869  |   0.000504903321
 0.000017517518  |  -0.000491498155  |  -0.000136238450
 0.000017535393  |  -0.000629117189  |  -0.001093243947
 0.000017553268  |  -0.000057050449  |  -0.000265876064
 0.000017571143  |   0.000183447919  |  -0.000196862049
 0.000017589018  |   0.000207731544  |   0.000657116063
 0.000017606893  |   0.000194512148  |   0.000488300342
 0.000017624768  |  -0.000638579193  |   0.000000479928
 0.000017642643  |  -0.000884880894  |   0.000210405706
 0.000017660518  |   0.000405505212  |  -0.001466216985
 0.000017678393  |  -0.000881757413  |  -0.000092528309
 0.000017696268  |  -0.000779175723  |   0.000120592311
 0.000017714143  |   0.000193006737  |  -0.000532873266
 0.000017732018  |  -0.000400898367  |   0.000446108897
 0.000017749893  |   0.000866388844  |  -0.000670892012
 0.000017767768  |   0.000757343310  |   0.000063844687
 0.000017785643  |  -0.000085114276  |  -0.000073039162
 0.000017803518  |   0.000622206135  |  -0.000810885511
 0.000017821393  |  -0.000055325152  |  -0.000881573826
 0.000017839268  |   0.000318638980  |  -0.000629299029
 0.000017857143  |   0.001246639527  |   0.000137456955