		~ ~ ~ LOG OPEN ~ ~ ~logs_spectrum/_2022_02_28_Monday_23_43_31_GMT_2815041_.txt

0.000000
1020000000.000000
1019950000.000000
1019900000.000000
1019850000.000000
1019800000.000000
1019750000.000000
1019700000.000000
1019650000.000000
1019600000.000000
1019550000.000000
1019500000.000000
1019450000.000000
1019400000.000000
1019350000.000000
1019300000.000000
1019250000.000000
1019200000.000000
1019150000.000000
1019100000.000000
1019050000.000000
1019000000.000000
1018950000.000000
1018900000.000000
1018850000.000000
1018800000.000000
1018750000.000000
1018700000.000000
1018650000.000000
1018600000.000000
1018550000.000000
1018500000.000000
1018450000.000000
1018400000.000000
1018350000.000000
1018300000.000000
1018250000.000000
1018200000.000000
1018150000.000000
1018100000.000000
1018050000.000000
1018000000.000000
1017950000.000000
1017900000.000000
1017850000.000000
1017800000.000000
1017750000.000000
1017700000.000000
1017650000.000000
1017600000.000000
1017550000.000000
1017500000.000000
1017450000.000000
1017400000.000000
1017350000.000000
1017300000.000000
1017250000.000000
1017200000.000000
1017150000.000000
1017100000.000000
1017050000.000000
1017000000.000000
1016950000.000000
1016900000.000000
1016850000.000000
1016800000.000000
1016750000.000000
1016700000.000000
1016650000.000000
1016600000.000000
1016550000.000000
1016500000.000000
1016450000.000000
1016400000.000000
1016350000.000000
1016300000.000000
1016250000.000000
1016200000.000000
1016150000.000000
1016100000.000000
1016050000.000000
1016000000.000000
1015950000.000000
1015900000.000000
1015850000.000000
1015800000.000000
1015750000.000000
1015700000.000000
1015650000.000000
1015600000.000000
1015550000.000000
1015500000.000000
1015450000.000000
1015400000.000000
1015350000.000000
1015300000.000000
1015250000.000000
1015200000.000000
1015150000.000000
1015100000.000000
1015050000.000000
1015000000.000000
1014950000.000000
1014900000.000000
1014850000.000000
1014800000.000000
1014750000.000000
1014700000.000000
1014650000.000000
1014600000.000000
1014550000.000000
1014500000.000000
1014450000.000000
1014400000.000000
1014350000.000000
1014300000.000000
1014250000.000000
1014200000.000000
1014150000.000000
1014100000.000000
1014050000.000000
1014000000.000000
1013950000.000000
1013900000.000000
1013850000.000000
1013800000.000000
1013750000.000000
1013700000.000000
1013650000.000000
1013600000.000000
1013550000.000000
1013500000.000000
1013450000.000000
1013400000.000000
1013350000.000000
1013300000.000000
1013250000.000000
1013200000.000000
1013150000.000000
1013100000.000000
1013050000.000000
1013000000.000000
1012950000.000000
1012900000.000000
1012850000.000000
1012800000.000000
1012750000.000000
1012700000.000000
1012650000.000000
1012600000.000000
1012550000.000000
1012500000.000000
1012450000.000000
1012400000.000000
1012350000.000000
1012300000.000000
1012250000.000000
1012200000.000000
1012150000.000000
1012100000.000000
1012050000.000000
1012000000.000000
1011950000.000000
1011900000.000000
1011850000.000000
1011800000.000000
1011750000.000000
1011700000.000000
1011650000.000000
1011600000.000000
1011550000.000000
1011500000.000000
1011450000.000000
1011400000.000000
1011350000.000000
1011300000.000000
1011250000.000000
1011200000.000000
1011150000.000000
1011100000.000000
1011050000.000000
1011000000.000000
1010950000.000000
1010900000.000000
1010850000.000000
1010800000.000000
1010750000.000000
1010700000.000000
1010650000.000000
1010600000.000000
1010550000.000000
1010500000.000000
1010450000.000000
1010400000.000000
1010350000.000000
1010300000.000000
1010250000.000000
1010200000.000000
1010150000.000000
1010100000.000000
1010050000.000000
1010000000.000000
1009950000.000000
1009900000.000000
1009850000.000000
1009800000.000000
1009750000.000000
1009700000.000000
1009650000.000000
1009600000.000000
1009550000.000000
1009500000.000000
1009450000.000000
1009400000.000000
1009350000.000000
1009300000.000000
1009250000.000000
1009200000.000000
1009150000.000000
1009100000.000000
1009050000.000000
1009000000.000000
1008950000.000000
1008900000.000000
1008850000.000000
1008800000.000000
1008750000.000000
1008700000.000000
1008650000.000000
1008600000.000000
1008550000.000000
1008500000.000000
1008450000.000000
1008400000.000000
1008350000.000000
1008300000.000000
1008250000.000000
1008200000.000000
1008150000.000000
1008100000.000000
1008050000.000000
1008000000.000000
1007950000.000000
1007900000.000000
1007850000.000000
1007800000.000000
1007750000.000000
1007700000.000000
1007650000.000000
1007600000.000000
1007550000.000000
1007500000.000000
1007450000.000000
1007400000.000000
1007350000.000000
1007300000.000000
1007250000.000000
1007200000.000000
1007150000.000000
1007100000.000000
1007050000.000000
1007000000.000000
1006950000.000000
1006900000.000000
1006850000.000000
1006800000.000000
1006750000.000000
1006700000.000000
1006650000.000000
1006600000.000000
1006550000.000000
1006500000.000000
1006450000.000000
1006400000.000000
1006350000.000000
1006300000.000000
1006250000.000000
1006200000.000000
1006150000.000000
1006100000.000000
1006050000.000000
1006000000.000000
1005950000.000000
1005900000.000000
1005850000.000000
1005800000.000000
1005750000.000000
1005700000.000000
1005650000.000000
1005600000.000000
1005550000.000000
1005500000.000000
1005450000.000000
1005400000.000000
1005350000.000000
1005300000.000000
1005250000.000000
1005200000.000000
1005150000.000000
1005100000.000000
1005050000.000000
1005000000.000000
1004950000.000000
1004900000.000000
1004850000.000000
1004800000.000000
1004750000.000000
1004700000.000000
1004650000.000000
1004600000.000000
1004550000.000000
1004500000.000000
1004450000.000000
1004400000.000000
1004350000.000000
1004300000.000000
1004250000.000000
1004200000.000000
1004150000.000000
1004100000.000000
1004050000.000000
1004000000.000000
1003950000.000000
1003900000.000000
1003850000.000000
1003800000.000000
1003750000.000000
1003700000.000000
1003650000.000000
1003600000.000000
1003550000.000000
1003500000.000000
1003450000.000000
1003400000.000000
1003350000.000000
1003300000.000000
1003250000.000000
1003200000.000000
1003150000.000000
1003100000.000000
1003050000.000000
1003000000.000000
1002950000.000000
1002900000.000000
1002850000.000000
1002800000.000000
1002750000.000000
1002700000.000000
1002650000.000000
1002600000.000000
1002550000.000000
1002500000.000000
1002450000.000000
1002400000.000000
1002350000.000000
1002300000.000000
1002250000.000000
1002200000.000000
1002150000.000000
1002100000.000000
1002050000.000000
1002000000.000000
1001950000.000000
1001900000.000000
1001850000.000000
1001800000.000000
1001750000.000000
1001700000.000000
1001650000.000000
1001600000.000000
1001550000.000000
1001500000.000000
1001450000.000000
1001400000.000000
1001350000.000000
1001300000.000000
1001250000.000000
1001200000.000000
1001150000.000000
1001100000.000000
1001050000.000000
1001000000.000000
1000950000.000000
1000900000.000000
1000850000.000000
1000800000.000000
1000750000.000000
1000700000.000000
1000650000.000000
1000600000.000000
1000550000.000000
1000500000.000000
1000450000.000000
1000400000.000000
1000350000.000000
1000300000.000000
1000250000.000000
1000200000.000000
1000150000.000000
1000100000.000000
1000050000.000000
1000000000.000000
999950000.000000
999900000.000000
999850000.000000
999800000.000000
999750000.000000
999700000.000000
999650000.000000
999600000.000000
999550000.000000
999500000.000000
999450000.000000
999400000.000000
999350000.000000
999300000.000000
999250000.000000
999200000.000000
999150000.000000
999100000.000000
999050000.000000
999000000.000000
998950000.000000
998900000.000000
998850000.000000
998800000.000000
998750000.000000
998700000.000000
998650000.000000
998600000.000000
998550000.000000
998500000.000000
998450000.000000
998400000.000000
998350000.000000
998300000.000000
998250000.000000
998200000.000000
998150000.000000
998100000.000000
998050000.000000
998000000.000000
997950000.000000
997900000.000000
997850000.000000
997800000.000000
997750000.000000
997700000.000000
997650000.000000
997600000.000000
997550000.000000
997500000.000000
997450000.000000
997400000.000000
997350000.000000
997300000.000000
997250000.000000
997200000.000000
997150000.000000
997100000.000000
997050000.000000
997000000.000000
996950000.000000
996900000.000000
996850000.000000
996800000.000000
996750000.000000
996700000.000000
996650000.000000
996600000.000000
996550000.000000
996500000.000000
996450000.000000
996400000.000000
996350000.000000
996300000.000000
996250000.000000
996200000.000000
996150000.000000
996100000.000000
996050000.000000
996000000.000000
995950000.000000
995900000.000000
995850000.000000
995800000.000000
995750000.000000
995700000.000000
995650000.000000
995600000.000000
995550000.000000
995500000.000000
995450000.000000
995400000.000000
995350000.000000
995300000.000000
995250000.000000
995200000.000000
995150000.000000
995100000.000000
995050000.000000
995000000.000000
994950000.000000
994900000.000000
994850000.000000
994800000.000000
994750000.000000
994700000.000000
994650000.000000
994600000.000000
994550000.000000
994500000.000000
994450000.000000
994400000.000000
994350000.000000
994300000.000000
994250000.000000
994200000.000000
994150000.000000
994100000.000000
994050000.000000
994000000.000000
993950000.000000
993900000.000000
993850000.000000
993800000.000000
993750000.000000
993700000.000000
993650000.000000
993600000.000000
993550000.000000
993500000.000000
993450000.000000
993400000.000000
993350000.000000
993300000.000000
993250000.000000
993200000.000000
993150000.000000
993100000.000000
993050000.000000
993000000.000000
992950000.000000
992900000.000000
992850000.000000
992800000.000000
992750000.000000
992700000.000000
992650000.000000
992600000.000000
992550000.000000
992500000.000000
992450000.000000
992400000.000000
992350000.000000
992300000.000000
992250000.000000
992200000.000000
992150000.000000
992100000.000000
992050000.000000
992000000.000000
991950000.000000
991900000.000000
991850000.000000
991800000.000000
991750000.000000
991700000.000000
991650000.000000
991600000.000000
991550000.000000
991500000.000000
991450000.000000
991400000.000000
991350000.000000
991300000.000000
991250000.000000
991200000.000000
991150000.000000
991100000.000000
991050000.000000
991000000.000000
990950000.000000
990900000.000000
990850000.000000
990800000.000000
990750000.000000
990700000.000000
990650000.000000
990600000.000000
990550000.000000
990500000.000000
990450000.000000
990400000.000000
990350000.000000
990300000.000000
990250000.000000
990200000.000000
990150000.000000
990100000.000000
990050000.000000
990000000.000000
989950000.000000
989900000.000000
989850000.000000
989800000.000000
989750000.000000
989700000.000000
989650000.000000
989600000.000000
989550000.000000
989500000.000000
989450000.000000
989400000.000000
989350000.000000
989300000.000000
989250000.000000
989200000.000000
989150000.000000
989100000.000000
989050000.000000
989000000.000000
988950000.000000
988900000.000000
988850000.000000
988800000.000000
988750000.000000
988700000.000000
988650000.000000
988600000.000000
988550000.000000
988500000.000000
988450000.000000
988400000.000000
988350000.000000
988300000.000000
988250000.000000
988200000.000000
988150000.000000
988100000.000000
988050000.000000
988000000.000000
987950000.000000
987900000.000000
987850000.000000
987800000.000000
987750000.000000
987700000.000000
987650000.000000
987600000.000000
987550000.000000
987500000.000000
987450000.000000
987400000.000000
987350000.000000
987300000.000000
987250000.000000
987200000.000000
987150000.000000
987100000.000000
987050000.000000
987000000.000000
986950000.000000
986900000.000000
986850000.000000
986800000.000000
986750000.000000
986700000.000000
986650000.000000
986600000.000000
986550000.000000
986500000.000000
986450000.000000
986400000.000000
986350000.000000
986300000.000000
986250000.000000
986200000.000000
986150000.000000
986100000.000000
986050000.000000
986000000.000000
985950000.000000
985900000.000000
985850000.000000
985800000.000000
985750000.000000
985700000.000000
985650000.000000
985600000.000000
985550000.000000
985500000.000000
985450000.000000
985400000.000000
985350000.000000
985300000.000000
985250000.000000
985200000.000000
985150000.000000
985100000.000000
985050000.000000
985000000.000000
984950000.000000
984900000.000000
984850000.000000
984800000.000000
984750000.000000
984700000.000000
984650000.000000
984600000.000000
984550000.000000
984500000.000000
984450000.000000
984400000.000000
984350000.000000
984300000.000000
984250000.000000
984200000.000000
984150000.000000
984100000.000000
984050000.000000
984000000.000000
983950000.000000
983900000.000000
983850000.000000
983800000.000000
983750000.000000
983700000.000000
983650000.000000
983600000.000000
983550000.000000
983500000.000000
983450000.000000
983400000.000000
983350000.000000
983300000.000000
983250000.000000
983200000.000000
983150000.000000
983100000.000000
983050000.000000
983000000.000000
982950000.000000
982900000.000000
982850000.000000
982800000.000000
982750000.000000
982700000.000000
982650000.000000
982600000.000000
982550000.000000
982500000.000000
982450000.000000
982400000.000000
982350000.000000
982300000.000000
982250000.000000
982200000.000000
982150000.000000
982100000.000000
982050000.000000
982000000.000000
981950000.000000
981900000.000000
981850000.000000
981800000.000000
981750000.000000
981700000.000000
981650000.000000
981600000.000000
981550000.000000
981500000.000000
981450000.000000
981400000.000000
981350000.000000
981300000.000000
981250000.000000
981200000.000000
981150000.000000
981100000.000000
981050000.000000
981000000.000000
980950000.000000
980900000.000000
980850000.000000
980800000.000000
980750000.000000
980700000.000000
980650000.000000
980600000.000000
980550000.000000
980500000.000000
980450000.000000
980400000.000000
980350000.000000
980300000.000000
980250000.000000
980200000.000000
980150000.000000
980100000.000000
980050000.000000


		 ~ ~ ~ LOG CLOSED ~ ~ ~ _2022_02_28_Monday_23_43_31_GMT

